 1 27 22 28 29
 2 27 30 22 29
 3 27 26 28 14
 4 27 26 31 29
 5 27 25 31 20
 6 27 25 30 29
 7 31 29 24 32
 8 31 33 29 26
 9 31 24 33 19
10 31 25 29 32
11 27 20 31 26
12 27 29 31 25
13 30 29 21 34
14 30 21 29 32
15 30 22 29 34
16 30 29 25 32
17 27 22 30 13
18 27 13 30 25
19 33 24 35 17
20 31 29 33 24
21 35 11 34 23
22 33 35 29 23
23 33 28 23 29
24 31 33 26 19
25 33 26 28 29
26 28 29 34 23
27 33 23 28 16
28 28 29 22 34
29 33 16 28 26
30 27 29 28 26
31 27 14 28 22
32 35 29 23 34
33 33 35 23 17
34 35 29 34 21
35 35 29 21 32
36 35 29 32 24
37 33 29 35 24
38 30 32 25  9
39 31 32 18 25
40 30  2 10  9
41 35 24  4 17
42 27  5 26 14
43 34 21  3 11
44 35 21 34 11
45 34 23  3 15
46 28 23 34 15
47 31 25  8 20
48 35 24 12  4
49 27 26  5 20
50 32 18  9  1
51 32 18  1 12
52 32 25  9 18
53 32 12 24 18
54 28  6 15 22
55 28 16 23 15
56 30  2 25 13
57 34 21 10  3
58 30 10 34 21
59 32 21 12  1
60 33 26  7 16
61 31  8 18 24
62 31 24 19  8
63 32 21  1  9
64 30 32  9 21
65 33 17  7 19
66 30 13 22  2
67 30 22 10  2
68 35 12 21 11
69 34 15 10 22
70 27 25 20 13
71 35 17  4 11
72 31 25 18  8
73 28 26 16 14
74 31 20  8 19
75 28 15 34 22
76 34 15  3 10
77 30  9 25  2
78 31 18 32 24
79 35  4 12 11
80 31 19 26 20
81 34 11  3 23
82 30 21  9 10
83 33 16  7 23
84 33 19  7 26
85 30 34 10 22
86 33  7 17 23
87 35 12 32 21
88 27 14 22 13
89 28 15  6 16
90 28 16  6 14
91 33 24 17 19
92 35 24 32 12
93 35 17 11 23
94 27 20  5 13
95 27 14 13  5
96 28 22 14  6