      1           0.           0.           2.
      2           0.           2.           2.
      3           0.           2.           0.
      4           0.           0.           0.
      5           2.           2.           2.
      6           2.           2.           0.
      7           2.           0.           0.
      8           2.           0.           2.
      9           0.           1.           2.
     10           0.           2.           1.
     11           0.           1.           0.
     12           0.           0.           1.
     13           1.           2.           2.
     14           2.           2.           1.
     15           1.           2.           0.
     16           2.           1.           0.
     17           1.           0.           0.
     18           1.           0.           2.
     19           2.           0.           1.
     20           2.           1.           2.
     21           0.           1.           1.
     22           1.           2.           1.
     23           1.           1.           0.
     24           1.           0.           1.
     25           1.           1.           2.
     26           2.           1.           1.
     27   1.34375012   1.31581998   1.31931102
     28   1.31581998   1.34375012  0.680688798
     29           1.           1.           1.
     30  0.694710851   1.35416663   1.35416663
     31   1.30528891  0.645833373   1.35416663
     32      0.65625  0.684180021   1.31931102
     33   1.35416663  0.694710851  0.645833373
     34  0.645833373   1.30528891  0.645833373
     35  0.680688798      0.65625  0.684180021